37,35
10,151
10,213
10,135
10,85
10,153
10,163
10,81
10,205
11,27
11,23
11,25
8,13
8,16
8,18
0,318
35,7
35,6
35,5
35,4
35,3
35,2
35,1
35,0
34,5
34,4
34,3
34,2
34,1
34,0
33,27
33,26
33,25
33,24
33,23
33,22
33,21
33,20
33,19
33,18
33,17
33,16
33,15
33,14
33,13
33,12
33,11
33,10
33,9
33,8
33,7
33,6
33,5
33,4
33,3
33,2
33,1
33,0
32,4
32,3
32,2
32,1
32,0
31,8
31,7
31,6
31,5
31,1
31,4
28,5
28,4
28,3
28,1
27,3
27,1
26,4
26,3
26,1
25,4
25,3
25,1
24,4
24,3
24,1
20,3
20,2
20,1
19,3
19,2
19,1
12,3
12,2
18,1
12,1
18,3
11,21
11,19
11,17
11,9
11,7
14,1
11,5
11,3
14,4
11,2
14,3
11,1
13,1
10,299
13,3
10,199
10,191
10,185
